0.0089655,0.016724,0.034828,0.0076724,0.075,1.1224,0.61379,2.3724,0.84955,1.6724,0.37931,0.0037414,2.7069,1.1748,8.7487
0.024483,0.0025,0.024483,0.028362,0.38534,0.57931,1.2345,2.1655,0.22136,1.8017,1.4138,0.0021897,1.0259,0.0785,4.8508
0.0063793,0.021897,0.025776,0.016724,0.77328,0.73448,3.0966,1.9586,0.89442,1.931,3.2241,0.0028362,0.50862,1.1342,3.5514
0.0076724,0.034828,0.027069,0.025776,0.50172,0.34655,2.7862,2.6828,1.388,0.76724,2.7069,0.0036121,0.76724,0.32212,9.7232
0.021897,0.0050862,0.033534,0.014138,0.11379,0.38534,1.7517,2.9931,0.13162,2.7069,3.4828,0.0010259,0.89655,0.40333,7.4494
0.037414,0.020603,0.014138,0.018017,0.6181,1.0836,1.3379,0.92414,0.44572,2.8362,3.6121,0.0033534,1.1552,1.2154,5.8252
0.020603,0.038707,0.0063793,0.012845,1.0836,0.42414,2.8897,1.6483,0.40084,0.89655,2.4483,0.0034828,3.3534,0.60634,5.5004
0.0050862,0.018017,0.030948,0.020603,0.69569,0.46293,2.269,0.30345,0.6252,2.4483,1.6724,0.0012845,1.2845,0.80936,4.5259
0.04,0.0089655,0.015431,0.04,0.73448,1.006,0.2,1.3379,1.2085,3.7414,1.2845,0.0014138,3.7414,1.256,1.9273
0.036121,0.033534,0.021897,0.037414,0.57931,0.26897,1.5448,2.5793,0.75981,3.0948,2.0603,0.0020603,2.4483,0.76876,1.6025
0.012845,0.027069,0.016724,0.0025,0.6569,0.11379,0.30345,0.4069,0.08675,0.37931,2.9655,0.0029655,1.4138,0.52514,4.2011
0.030948,0.011552,0.0025,0.024483,0.26897,0.075,1.0276,1.7517,0.17649,1.1552,3.8707,0.001931,2.5776,0.93117,6.7997
0.010259,0.029655,0.032241,0.010259,0.85086,1.2,2.9931,2.0621,0.71494,1.0259,2.8362,0.0038707,1.8017,0.36272,10.048
0.011552,0.01931,0.029655,0.029655,0.46293,1.0448,2.3724,1.5448,1.3431,3.4828,0.50862,0.0024483,1.931,0.24091,8.099
0.029655,0.024483,0.010259,0.030948,1.0448,0.23017,1.131,2.7862,0.26623,0.50862,1.1552,0.00037931,3.8707,0.15971,0.628
0.034828,0.015431,0.02319,0.027069,0.19138,0.96724,2.4759,3.2,1.029,2.9655,0.63793,0.00076724,3.2241,0.89057,6.1501
0.0025,0.0063793,0.037414,0.032241,0.54052,0.15259,0.4069,0.2,0.58033,3.2241,1.8017,0.0025776,1.6724,1.053,8.4239
0.025776,0.04,0.012845,0.02319,1.1224,0.54052,3.2,2.269,1.2983,2.319,3.3534,0.0016724,1.5431,1.0936,3.8763
0.027069,0.012845,0.028362,0.036121,0.96724,0.50172,1.9586,2.8897,0.98416,2.5776,2.319,0.0027069,4,0.84997,7.1246
0.038707,0.0076724,0.04,0.015431,1.006,0.19138,0.82069,0.71724,0.35597,1.5431,3.0948,0.00089655,0.37931,0.64695,2.9018
0.015431,0.014138,0.018017,0.0037931,0.88966,0.6569,0.51034,1.2345,0.93929,3.8707,1.931,0.004,2.319,0.97178,3.2266
0.032241,0.010259,0.0050862,0.021897,0.30776,0.69569,1.4414,1.4414,1.2534,3.6121,0.89655,0.002319,3.0948,0.72816,9.3983
0.02319,0.0037931,0.020603,0.0089655,0.42414,0.92845,2.0621,0.61379,1.1188,0.63793,4,0.00050862,3.4828,0.28152,2.577
0.033534,0.032241,0.01931,0.0050862,0.34655,0.88966,2.5793,1.131,1.0739,3.3534,2.1897,0.0032241,0.63793,0.1191,2.2521
0.014138,0.028362,0.0037931,0.033534,0.81207,0.77328,2.6828,1.0276,0.80468,0.25,0.76724,0.00063793,2.1897,0.56574,9.0735
0.016724,0.036121,0.036121,0.01931,0.92845,0.6181,0.71724,1.8552,0.3111,2.0603,1.5431,0.0018017,2.9655,1.0124,5.1756
0.028362,0.030948,0.0076724,0.038707,0.23017,0.81207,0.92414,2.4759,0.49059,1.4138,2.5776,0.0030948,0.25,0.44393,6.4749
0.018017,0.02319,0.011552,0.034828,1.1612,1.1612,1.6483,0.51034,1.1636,1.2845,3.7414,0.0015431,2.0603,0.68755,1.2777
0.01931,0.025776,0.038707,0.0063793,0.15259,0.30776,1.8552,0.82069,0.67007,2.1897,1.0259,0.0011552,2.8362,0.48453,7.7742
0.0037931,0.037414,0.0089655,0.011552,1.2,0.85086,2.1655,3.0966,0.53546,4,0.25,0.00025,3.6121,0.20031,0.95283
